196,52
196,51
196,50
196,49
196,48
196,47
196,46
196,45
196,44
196,43
196,42
196,41
196,40
196,39
196,38
196,37
196,36
196,35
7,7
7,4
7,5
7,13
7,1
7,6
7,2
7,3
5,4
5,2
5,1
5,3
3,2
3,1
3,3
10,72
10,120
10,106
10,248
10,284
10,30
10,172
187,3
187,2
187,1
10,124
187,0
10,2
186,4
186,3
186,2
186,1
10,3
186,0
185,4
185,3
185,2
185,1
11,8
185,0
11,10
183,4
183,3
183,2
183,1
11,20
11,6
183,0
181,4
181,3
181,2
181,1
181,0
177,3
177,2
177,1
177,0
174,4
174,3
174,2
174,1
9,7
9,6
9,4
174,0
173,4
173,3
173,2
173,1
8,14
8,8
8,6
0,519
173,0
172,4
172,3
172,2
172,1
172,0
171,3
171,2
171,1
171,0
156,4
156,3
156,2
156,1
156,0
144,3
144,2
144,1
144,0
142,3
142,2
142,1
142,0
141,3
141,2
141,1
141,0
140,15
140,14
140,13
140,12
140,11
140,10
140,9
140,8
140,7
140,6
140,5
140,4
140,3
140,2
140,1
140,0
139,4
139,3
139,2
139,1
139,0
138,4
138,3
138,2
138,1
20,3
20,2
20,1
19,3
19,2
